Timestamp	Volume_BTC	Volume_Currency	Weighted_Price
8/14/11	17.35	183.05	10.55
8/15/11	27.99	296.83	10.6
8/16/11	9.19	102.32	11.14
8/17/11	41.29	436.26	10.56
8/18/11	12.42	131.55	10.59
8/19/11	44.16	484.07	10.96
8/20/11	25.27	277.25	10.97
8/21/11	66.85	772.08	11.55
8/22/11	59.18	651.11	11
8/23/11	17.59	189.73	10.79
8/24/11	36.72	396.09	10.79
8/25/11	62.03	634.05	10.22
8/26/11	22.19	193.27	8.71
8/27/11	11.25	96.63	8.59
8/28/11	4.57	39.23	8.58
8/29/11	34.01	298.67	8.78
8/30/11	37.06	322.23	8.7
8/31/11	34.84	300.28	8.62
9/1/11	9.15	74.4	8.13
9/2/11	21.74	179.57	8.26
9/3/11	30.24	261.36	8.64
9/4/11	46.11	384.32	8.34
9/5/11	48.09	379.7	7.9
9/6/11	62.51	444.07	7.1
9/7/11	45.3	314.33	6.94
9/8/11	58.11	385.14	6.63
9/9/11	106.94	580.02	5.42
9/10/11	154.86	789.05	5.1
9/11/11	1358.12	7127.32	5.25
9/12/11	318.57	1898.62	5.96
9/13/11	2330.3	12301.77	5.28
9/14/11	1530.77	7856.75	5.13
9/15/11	2387.31	10888.19	4.56
9/16/11	647.46	2942.96	4.55
9/17/11	2792.42	12572.89	4.5
9/18/11	2541.14	11513.81	4.53
9/19/11	3058.29	14335.12	4.69
9/20/11	3417.02	20035.47	5.86
9/21/11	3801.25	20458.82	5.38
9/22/11	3516.23	17728.44	5.04
9/23/11	2184.44	11320.96	5.18
9/24/11	2222.55	11294.82	5.08
9/25/11	2719.77	13627.36	5.01
9/26/11	2712.81	12665.44	4.67
9/27/11	7570.52	34636.52	4.58
9/28/11	4327.12	19581.33	4.53
9/29/11	2783.78	12560.56	4.51
9/30/11	1434.53	6729.58	4.69
10/1/11	506.59	2532.97	5
10/2/11	525.29	2605.36	4.96
10/3/11	2249.64	10684.9	4.75
10/4/11	4071.8	19092.7	4.69
10/5/11	2869.86	13305.33	4.64
10/6/11	2664.68	12045.88	4.52
10/7/11	1229.8	5434.21	4.42
10/8/11	570.3	2306.26	4.04
10/9/11	238.53	982.95	4.12
10/10/11	589.64	2430.35	4.12
10/11/11	655.27	2635.02	4.02
10/12/11	619.05	2410.33	3.89
10/13/11	853.83	3460.35	4.05
10/14/11	1292.65	5002.52	3.87
10/15/11	803.24	3158.97	3.93
10/16/11	1311.22	4787.4	3.65
10/17/11	1239.45	3312.82	2.67
10/18/11	506.56	1304.14	2.57
10/19/11	615.01	1443.86	2.35
10/20/11	450.43	995.41	2.21
10/21/11	838.5	2104.56	2.51
10/22/11	1196.26	3436.29	2.87
10/23/11	720.27	2231.77	3.1
10/24/11	506.87	1424.3	2.81
10/25/11	884.02	2381.17	2.69
10/26/11	657.8	1791.09	2.72
10/27/11	753.46	2114.92	2.81
10/28/11	927.21	2787	3.01
10/29/11	902.32	3149.52	3.49
10/30/11	1017.68	3476.93	3.42
10/31/11	493.49	1559.75	3.16
11/1/11	734.47	2317.74	3.16
11/2/11	416.75	1347.33	3.23
11/3/11	401.53	1303.15	3.25
11/4/11	995.48	3138.87	3.15
11/5/11	450.1	1381.63	3.07
11/6/11	107.94	319.02	2.96
11/7/11	488.32	1432.95	2.93
11/8/11	1731.8	5254.26	3.03
11/9/11	596.99	1746.91	2.93
11/10/11	657.86	1834.23	2.79
11/11/11	374.03	1071.22	2.86
11/12/11	609.43	1802.89	2.96
11/13/11	125.84	370.52	2.94
11/14/11	2105.06	5557.34	2.64
11/15/11	1097.78	2595.77	2.36
11/16/11	620.13	1480.69	2.39
11/17/11	3253.59	7062.77	2.17
11/18/11	1341.66	2933.61	2.19
11/19/11	1403.87	2966.34	2.11
11/20/11	1035.11	2242.51	2.17
11/21/11	1727.96	3696.07	2.14
11/22/11	736.76	1658.98	2.25
11/23/11	1115.58	2516.31	2.26
11/24/11	1593.6	3675.71	2.31
11/25/11	777.37	1847.47	2.38
11/26/11	284.01	681.44	2.4
11/27/11	398.48	968.72	2.43
11/28/11	1077.82	2698.71	2.5
11/29/11	735.79	2024.16	2.75
11/30/11	843.15	2392.44	2.84
12/1/11	1405.7	4156.28	2.96
12/2/11	923.2	2756.99	2.99
12/3/11	911.06	2704.47	2.97
12/4/11	550.34	1476.82	2.68
12/5/11	440.84	1241.23	2.82
12/6/11	1286.17	3734.16	2.9
12/7/11	1045.69	2916.18	2.79
12/8/11	1192.92	3341.4	2.8
12/9/11	960.7	2747.82	2.86
12/10/11	1115.74	3195.3	2.86
12/11/11	1576.06	4752.04	3.02
12/12/11	881.59	2679.18	3.04
12/13/11	755.97	2297.09	3.04
12/14/11	1203.73	3708.01	3.08
12/15/11	585.09	1804.91	3.08
12/16/11	975.38	3026.34	3.1
12/17/11	477.04	1524.76	3.2
12/18/11	559.38	1773.48	3.17
12/19/11	1400.79	4597.2	3.28
12/20/11	988.67	3930.77	3.98
12/21/11	817.51	3115.55	3.81
12/22/11	407.13	1543.03	3.79
12/23/11	455.01	1799.47	3.95
12/24/11	618.61	2364.85	3.82
12/25/11	238.36	953.83	4
12/26/11	552.9	2211.38	4
12/27/11	1209.54	4670.52	3.86
12/28/11	746.45	3008.97	4.03
12/29/11	738.2	3055.91	4.14
12/30/11	605.61	2471.43	4.08
12/31/11	1230.87	5396.44	4.38
1/1/12	1185.14	5929.68	5
1/2/12	420.28	2175.86	5.18
1/3/12	943.12	4591.03	4.87
1/4/12	1024.52	5331.76	5.2
1/5/12	2380.99	14777.42	6.21
1/6/12	2763.12	17945.15	6.49
1/7/12	436.75	2751.3	6.3
1/8/12	2005.99	13143.14	6.55
1/9/12	1148.63	7530.78	6.56
1/10/12	525.3	3354.23	6.39
1/11/12	1166.15	7559.44	6.48
1/12/12	959.07	6235.39	6.5
1/13/12	752.41	4843.87	6.44
1/14/12	1069.31	6935.2	6.49
1/15/12	448.97	3016.99	6.72
1/16/12	1190.27	7864.91	6.61
1/17/12	688.62	4342.22	6.31
1/18/12	549.57	3332.55	6.06
1/19/12	391.53	2366.26	6.04
1/20/12	474.4	2896.55	6.11
1/21/12	257.85	1541.09	5.98
1/22/12	310.32	1839.82	5.93
1/23/12	808.29	4778.38	5.91
1/24/12	332.99	1974.72	5.93
1/25/12	769.87	4541.17	5.9
1/26/12	499.6	2763.94	5.53
1/27/12	1412.38	7164.98	5.07
1/28/12	841.8	4375.47	5.2
1/29/12	653.67	3607.67	5.52
1/30/12	439.65	2338.15	5.32
1/31/12	757.7	4005.75	5.29
2/1/12	1210.2	6526.9	5.39
2/2/12	755.89	4355.21	5.76
2/3/12	1027.39	5949.66	5.79
2/4/12	398.3	2321.97	5.83
2/5/12	991.89	5540.68	5.59
2/6/12	506.28	2711.81	5.36
2/7/12	759.13	3999.08	5.27
2/8/12	1229.68	6649.97	5.41
2/9/12	1016.89	5624.4	5.53
2/10/12	989.56	5586.64	5.65
2/11/12	1150.79	6487.92	5.64
2/12/12	1144.79	6265.5	5.47
2/13/12	847.66	4527.91	5.34
2/14/12	1509.65	6795.14	4.5
2/15/12	990.9	4537	4.58
2/16/12	805.01	3332.98	4.14
2/17/12	984.27	4212.82	4.28
2/18/12	490.32	2049.28	4.18
2/19/12	703.46	2844.14	4.04
2/20/12	1521.48	6609.37	4.34
2/21/12	1051.24	4451.17	4.23
2/22/12	1539.87	6495.28	4.22
2/23/12	1343.41	5898.03	4.39
2/24/12	1585.89	7176.05	4.52
2/25/12	497.6	2264.04	4.55
2/26/12	1117.18	5132.49	4.59
2/27/12	1405.37	6414.34	4.56
2/28/12	1072.59	4856.96	4.53
2/29/12	2179.74	9432.49	4.33
3/1/12	1752.55	7754.25	4.42
3/2/12	784.02	3384.17	4.32
3/3/12	860.91	3697.21	4.29
3/4/12	701.63	3025.89	4.31
3/5/12	2299.57	10083.42	4.38
3/6/12	1596.23	7364.19	4.61
3/7/12	1531.29	7067.99	4.62
3/8/12	775.13	3586.3	4.63
3/9/12	1398.93	6308.14	4.51
3/10/12	1562.65	6870.28	4.4
3/11/12	1567.23	6998.04	4.47
3/12/12	2177.38	9783.05	4.49
3/13/12	3729.09	17338.86	4.65
3/14/12	2537.72	12392.15	4.88
3/15/12	2721.1	13179.58	4.84
3/16/12	1403.35	6861.8	4.89
3/17/12	1048.46	5173.05	4.93
3/18/12	2855.02	14043.54	4.92
3/19/12	2383.2	11324.75	4.75
3/20/12	1791.29	8256.12	4.61
3/21/12	1838.08	8479.19	4.61
3/22/12	4008.18	18185.47	4.54
3/23/12	2052.26	9170.06	4.47
3/24/12	864.27	3882.44	4.49
3/25/12	1971.63	8638.42	4.38
3/26/12	2350.83	10319.51	4.39
3/27/12	3717.24	16355.37	4.4
3/28/12	859.56	3921.37	4.56
3/29/12	5510.69	24737.25	4.49
3/30/12	5431.65	24699.75	4.55
3/31/12	1843.69	8507.55	4.61
4/1/12	1824.94	8292.5	4.54
4/2/12	5816.54	26786.3	4.61
4/3/12	1722.29	8136.25	4.72
4/4/12	5990.02	28638.14	4.78
4/5/12	4069.48	19424.61	4.77
4/6/12	4005.32	19216.97	4.8
4/7/12	3281.71	15371.68	4.68
4/8/12	2782.47	12557.31	4.51
4/9/12	4483.97	20281.56	4.52
4/10/12	8555.14	39643.16	4.63
4/11/12	3838.45	18228.14	4.75
4/12/12	9351.68	44199.55	4.73
4/13/12	8352.32	39434.64	4.72
4/14/12	4057.36	19688.06	4.85
4/15/12	1174.3	5664.94	4.82
4/16/12	10470.34	50283.86	4.8
4/17/12	2966.23	14414.13	4.86
4/18/12	6757.78	33793.66	5
4/19/12	8924.31	44708.59	5.01
4/20/12	7043.65	35574.68	5.05
4/21/12	2689.99	13912.29	5.17
4/22/12	2053.24	10547.89	5.14
4/23/12	4222.97	21350.09	5.06
4/24/12	9003.83	44454.61	4.94
4/25/12	1854.07	9284.92	5.01
4/26/12	6657.61	33008.82	4.96
4/27/12	2321.47	11543.67	4.97
4/28/12	3567.75	17580.7	4.93
4/29/12	939.83	4581.79	4.88
4/30/12	2900.53	14053.09	4.85
5/1/12	955.4	4649.16	4.87
5/2/12	8401.11	41764.52	4.97
5/3/12	4137.99	20598.89	4.98
5/4/12	3734.29	18632.91	4.99
5/5/12	5514.28	27178.2	4.93
5/6/12	2948.34	14714.71	4.99
5/7/12	3419.12	16902.68	4.94
5/8/12	4135.34	20354.44	4.92
5/9/12	5042.67	24828.78	4.92
5/10/12	7170.64	35101.68	4.9
5/11/12	7013.18	33769.09	4.82
5/12/12	4708.75	23177.64	4.92
5/13/12	1787.59	8747.75	4.89
5/14/12	4269.49	20739.81	4.86
5/15/12	9519.07	46413.78	4.88
5/16/12	6375.76	31433.66	4.93
5/17/12	2813.73	14003.97	4.98
5/18/12	3890.51	19382.26	4.98
5/19/12	3402.48	16959.37	4.98
5/20/12	3281.29	16372.65	4.99
5/21/12	10959.67	54454.47	4.97
5/22/12	2493.64	12396.01	4.97
5/23/12	5462.79	27272.59	4.99
5/24/12	2890.96	14452.22	5
5/25/12	5977.89	29914.76	5
5/26/12	6247.05	31229.36	5
5/27/12	5145.31	25609.53	4.98
5/28/12	4602.49	23108.79	5.02
5/29/12	4036.35	20236.41	5.01
5/30/12	4153.54	20893.73	5.03
5/31/12	4082.18	20639.99	5.06
6/1/12	5070.18	26071.08	5.14
6/2/12	4752.55	24348.14	5.12
6/3/12	3572.61	18224.93	5.1
6/4/12	1724.86	8832.71	5.12
6/5/12	5793.31	30477.14	5.26
6/6/12	3770.39	20096.67	5.33
6/7/12	4992	26933.08	5.4
6/8/12	5942.53	33066.78	5.56
6/9/12	7016.72	38923.96	5.55
6/10/12	7337.18	39176.22	5.34
6/11/12	6236.25	33659.81	5.4
6/12/12	4998.57	27590.05	5.52
6/13/12	5579.85	32042.36	5.74
6/14/12	6244.87	35969.1	5.76
6/15/12	5323.83	31967.98	6
6/16/12	11012.59	70228.63	6.38
6/17/12	4811.31	29538.46	6.14
6/18/12	2114.31	13029.4	6.16
6/19/12	3159.05	20037.84	6.34
6/20/12	5026.54	32830.27	6.53
6/21/12	2474.21	16163.55	6.53
6/22/12	3064.02	19998.58	6.53
6/23/12	4002.93	25611.25	6.4
6/24/12	6147.3	38090.28	6.2
6/25/12	7020.5	43051.71	6.13
6/26/12	6105.52	38225.02	6.26
6/27/12	4998.15	31929.59	6.39
6/28/12	2022.14	13141.45	6.5
6/29/12	4256.84	27773.77	6.52
6/30/12	6141.47	40560.69	6.6
7/1/12	4420.06	29177.51	6.6
7/2/12	9777.03	64380.12	6.58
7/3/12	3595.02	23256.44	6.47
7/4/12	3477.02	22177.5	6.38
7/5/12	3581.78	23287.78	6.5
7/6/12	2813.22	18245.91	6.49
7/7/12	2854.73	18836.58	6.6
7/8/12	2066.58	13700.43	6.63
7/9/12	10301.72	68452.1	6.64
7/10/12	6209.05	43009.96	6.93
7/11/12	2044.49	14242.86	6.97
7/12/12	3300.6	23279.1	7.05
7/13/12	2647.77	19909.77	7.52
7/14/12	858.86	6408.06	7.46
7/15/12	1742.96	12903.71	7.4
7/16/12	4251.14	33108.15	7.79
7/17/12	5450.76	44635.06	8.19
7/18/12	7303.47	64283.69	8.8
7/19/12	3162.77	28151.84	8.9
7/20/12	3877.86	31775.79	8.19
7/21/12	2253.07	19137.72	8.49
7/22/12	925.74	7826.68	8.45
7/23/12	7099.18	59517.48	8.38
7/24/12	3708.59	31051.81	8.37
7/25/12	2536.72	21347.08	8.42
7/26/12	2675.09	22903.89	8.56
7/27/12	1617.9	14014.6	8.66
7/28/12	1121.39	9714.84	8.66
7/29/12	994.76	8559.44	8.6
7/30/12	4347.31	37955.33	8.73
7/31/12	874.14	8064.28	9.23
8/1/12	6675.3	61144.6	9.16
8/2/12	4605.45	43804.22	9.51
8/3/12	4430.07	46374.69	10.47
8/4/12	3399.8	36724.94	10.8
8/5/12	5706.18	58409.62	10.24
8/6/12	5114.32	54193.61	10.6
8/7/12	6417.87	67780.01	10.56
8/8/12	1985.13	21380.4	10.77
8/9/12	5728.78	64264.59	11.22
8/10/12	7497.27	83044.65	11.08
8/11/12	1064.38	11970.7	11.25
8/12/12	2052.38	23381	11.39
8/13/12	6742.73	77364.59	11.47
8/14/12	3037.03	36080.57	11.88
8/15/12	4127.17	51855.55	12.56
8/16/12	5781.82	75709.55	13.09
8/17/12	9748.43	135124.63	13.86
8/18/12	2259.31	26376.77	11.67
8/19/12	5441.91	51030.72	9.38
8/20/12	8159.38	75534.98	9.26
8/21/12	3200.4	31524.41	9.85
8/22/12	2877.3	28538.42	9.92
8/23/12	1699.01	16816.72	9.9
8/24/12	2745.22	27623.73	10.06
8/25/12	1427.47	14737.9	10.32
8/26/12	675.78	7161.27	10.6
8/27/12	5832.63	65934.54	11.3
8/28/12	5801.01	62194.74	10.72
8/29/12	1035.29	11214.87	10.83
8/30/12	1456.02	15413.84	10.59
8/31/12	1865.19	19138.5	10.26
9/1/12	1396.36	13811.66	9.89
9/2/12	1338.29	13458.33	10.06
9/3/12	1382.96	14144.12	10.23
9/4/12	1444.1	14652.92	10.15
9/5/12	3261.91	33966.83	10.41
9/6/12	3856.16	42056.71	10.91
9/7/12	2265.12	25093.88	11.08
9/8/12	2714.2	29555.88	10.89
9/9/12	1130.93	12343.77	10.91
9/10/12	2423.82	26585.45	10.97
9/11/12	5372.19	58828.94	10.95
9/12/12	3068.49	33881.39	11.04
9/13/12	1428.46	16039.38	11.23
9/14/12	2975.48	33996.62	11.43
9/15/12	1005.24	11548.33	11.49
9/16/12	1868.55	21707.44	11.62
9/17/12	5142.62	59902.41	11.65
9/18/12	3966.66	46826.58	11.81
9/19/12	3354.05	40848.97	12.18
9/20/12	3215.15	39949.45	12.43
9/21/12	1807.68	22028.17	12.19
9/22/12	1079.34	12985.7	12.03
9/23/12	2081.83	24617.97	11.83
9/24/12	6078.97	71925	11.83
9/25/12	2286.51	27029.65	11.82
9/26/12	1704.1	20422.99	11.98
9/27/12	2717.89	32862.32	12.09
9/28/12	2943.38	35620.25	12.1
9/29/12	2720.65	33082.8	12.16
9/30/12	1021.01	12380.69	12.13
10/1/12	6891.5	82819.83	12.02
10/2/12	9309.05	113568.31	12.2
10/3/12	8051.85	99705.32	12.38
10/4/12	4025.33	50760.61	12.61
10/5/12	1882.62	23613.31	12.54
10/6/12	1059.22	13181.41	12.44
10/7/12	2559.61	30662.43	11.98
10/8/12	4080.18	45776.61	11.22
10/9/12	2575.2	30718.3	11.93
10/10/12	4031.4	48379.39	12
10/11/12	2616.42	31171.86	11.91
10/12/12	2223.75	26410.65	11.88
10/13/12	5585.2	65375.45	11.71
10/14/12	2170.42	25263.9	11.64
10/15/12	2664.48	30679.8	11.51
10/16/12	1748.59	20329.14	11.63
10/17/12	2343.49	27071.56	11.55
10/18/12	2191.53	25466.33	11.62
10/19/12	2134.93	24539.15	11.49
10/20/12	2600.02	29723.93	11.43
10/21/12	1848.23	21143.25	11.44
10/22/12	4816.53	54575.3	11.33
10/23/12	4873.05	55576.94	11.4
10/24/12	2198.04	25034.67	11.39
10/25/12	5079.05	54825.61	10.79
10/26/12	5263.1	50798.45	9.65
10/27/12	1525.31	15181.66	9.95
10/28/12	2225.36	22567.01	10.14
10/29/12	4519.63	46521.86	10.29
10/30/12	4308.33	44812.76	10.4
10/31/12	2520.37	26969.63	10.7
11/1/12	3175.66	34262.32	10.79
11/2/12	5261.84	54218.4	10.3
11/3/12	5110	52365.53	10.25
11/4/12	6223.03	63750.66	10.24
11/5/12	6812.42	70215.45	10.31
11/6/12	3434	36166.54	10.53
11/7/12	3456.45	36850.63	10.66
11/8/12	4049.8	42836.52	10.58
11/9/12	2538.12	26829.48	10.57
11/10/12	948.09	10089.47	10.64
11/11/12	4178.84	43699.09	10.46
11/12/12	7315.31	77655.58	10.62
11/13/12	2956.12	31570.86	10.68
11/14/12	1635.66	17513.71	10.71
11/15/12	3287.89	35365.95	10.76
11/16/12	5762.11	64963.75	11.27
11/17/12	2960.63	33989.36	11.48
11/18/12	2454.99	28403.47	11.57
11/19/12	4958.03	57772.37	11.65
11/20/12	1984.72	23093.75	11.64
11/21/12	2227.04	26025.46	11.69
11/22/12	4495.16	53649.8	11.94
11/23/12	2402.82	28882.48	12.02
11/24/12	1340.62	16223.81	12.1
11/25/12	2048.59	25101.66	12.25
11/26/12	1862.2	22791.16	12.24
11/27/12	5635.12	67407.89	11.96
11/28/12	2363.87	28463.89	12.04
11/29/12	3161.21	38366.15	12.14
11/30/12	2091.55	25648.9	12.26
12/1/12	1653.79	20364.61	12.31
12/2/12	1791.2	22018.6	12.29
12/3/12	3594.82	44209.61	12.3
12/4/12	3419.05	43037.61	12.59
12/5/12	2905.91	38075.39	13.1
12/6/12	2733.49	36346.52	13.3
12/7/12	5882.17	77213.52	13.13
12/8/12	1354.51	17852.71	13.18
12/9/12	1924.86	25056.76	13.02
12/10/12	3527.25	46228.12	13.11
12/11/12	1580.83	20903.48	13.22
12/12/12	2186.82	29342.66	13.42
12/13/12	1620.39	21752.7	13.42
12/14/12	1817.42	24410.06	13.43
12/15/12	822.51	10988.49	13.36
12/16/12	2312.95	30891.7	13.36
12/17/12	4106.99	54118.1	13.18
12/18/12	926.56	12104.21	13.06
12/19/12	4291.02	55775.33	13
12/20/12	6255.93	81804.55	13.08
12/21/12	3175.15	41492.03	13.07
12/22/12	2919.6	38281.65	13.11
12/23/12	1352.92	17623.36	13.03
12/24/12	1358.34	17760.41	13.08
12/25/12	1340.31	17652.77	13.17
12/26/12	918.21	12037.29	13.11
12/27/12	1386.66	18173.5	13.11
12/28/12	2954.6	38761.71	13.12
12/29/12	1384.72	18273.97	13.2
12/30/12	1072.01	14145.11	13.19
12/31/12	1205.31	16016.22	13.29
1/1/13	1330.84	17567.58	13.2
1/2/13	504.84	6665.79	13.2
1/3/13	1280.7	16861.11	13.17
1/4/13	1829.2	24140.51	13.2
1/5/13	4376.32	57472.04	13.13
1/6/13	1032.16	13526.72	13.11
1/7/13	3015.82	39832.49	13.21
1/8/13	3275.36	43996.62	13.43
1/9/13	1939.04	26347.97	13.59
1/10/13	4524.68	62505.01	13.81
1/11/13	1531.04	21391.92	13.97
1/12/13	874.31	12217.91	13.97
1/13/13	1285.12	17926.75	13.95
1/14/13	1795.38	25007.67	13.93
1/15/13	2042.16	28538.34	13.97
1/16/13	2792	39444.89	14.13
1/17/13	3094.84	45830.08	14.81
1/18/13	2956.12	45456.07	15.38
1/19/13	854.94	13031.85	15.24
1/20/13	2862.35	43779	15.29
1/21/13	7944.68	128078.2	16.12
1/22/13	3550.86	59439.68	16.74
1/23/13	3737.03	62727.45	16.79
1/24/13	9498.92	167248.09	17.61
1/25/13	3305.83	55063.98	16.66
1/26/13	1811.28	30354.05	16.76
1/27/13	3673.02	63078.51	17.17
1/28/13	2988.99	53154.47	17.78
1/29/13	8000.24	150035.89	18.75
1/30/13	3187.31	60338.9	18.93
1/31/13	5097.9	102705.74	20.15
2/1/13	2820.11	57368.69	20.34
2/2/13	3148.24	61361.66	19.49
2/3/13	2938.62	58094.87	19.77
2/4/13	2008.97	40450.78	20.14
2/5/13	1449.29	29124.36	20.1
2/6/13	4275	88361.16	20.67
2/7/13	3334.03	70128.88	21.03
2/8/13	1764.99	38843.97	22.01
2/9/13	2110.11	47907.91	22.7
2/10/13	2174.47	50143.18	23.06
2/11/13	3449.63	81440.45	23.61
2/12/13	4086.68	101225.01	24.77
2/13/13	3577.51	89932.41	25.14
2/14/13	4543.8	109125.92	24.02
2/15/13	3640.45	95657.58	26.28
2/16/13	2931.01	77583.29	26.47
2/17/13	2158.53	56418.3	26.14
2/18/13	1581.89	41467.37	26.21
2/19/13	3507.16	97058.53	27.67
2/20/13	1567.69	45425.39	28.98
2/21/13	1846.91	53952.32	29.21
2/22/13	3245.37	96879.5	29.85
2/23/13	4056.84	111865.35	27.57
2/24/13	753.18	21662.06	28.76
2/25/13	1309.58	38192.64	29.16
2/26/13	1549.49	45506.45	29.37
2/27/13	4246.14	127418.16	30.01
2/28/13	4881.61	154355.43	31.62
3/1/13	1913.14	63603.89	33.25
3/2/13	996.98	32878.89	32.98
3/3/13	1126.82	36621.72	32.5
3/4/13	4267.89	141669.92	33.19
3/5/13	3527.03	131454.63	37.27
3/6/13	4858.95	206909.59	42.58
3/7/13	4885.93	198323.76	40.59
3/8/13	1246.82	51343.02	41.18
3/9/13	1703.82	73644.29	43.22
3/10/13	2471.45	110443.31	44.69
3/11/13	3683.29	166648.65	45.24
3/12/13	6541.73	279259.16	42.69
3/13/13	5028.41	219409.7	43.63
3/14/13	3094.79	135878.37	43.91
3/15/13	2532.7	110768.57	43.74
3/16/13	2295.66	101065.12	44.02
3/17/13	2857.03	125957.72	44.09
3/18/13	5964.73	270363.6	45.33
3/19/13	8729.89	450414.06	51.59
3/20/13	3943.85	227226.76	57.62
3/21/13	7813.6	503433.52	64.43
3/22/13	4770.55	320029.39	67.08
3/23/13	4510.3	275616.53	61.11
3/24/13	3121.48	201244.91	64.47
3/25/13	3744.84	265818.25	70.98
3/26/13	3791.65	275920.16	72.77
3/27/13	5126.67	421305.94	82.18
3/28/13	10086.35	867428.28	86
3/29/13	2908.64	254138.41	87.37
3/30/13	2507.74	220895.06	88.09
3/31/13	1659.16	148229.52	89.34
4/1/13	9884.72	936663.6	94.76
4/2/13	11245.6	1165369.77	103.63
4/3/13	19087.26	2411729.31	126.35
4/4/13	6998.56	859439.36	122.8
4/5/13	7793.36	1012005.66	129.85
4/6/13	5713.7	772248.4	135.16
4/7/13	8845.64	1259422.29	142.38
4/8/13	11896.31	1997692.77	167.93
4/9/13	10395.12	2108337.73	202.82
4/10/13	46512.46	8028997.14	172.62
4/11/13	63034.87	6069357.9	96.29
4/12/13	73964.5	5966133.94	80.66
4/13/13	32844.93	3286968.2	100.08
4/14/13	14997.98	1433369.79	95.57
4/15/13	30711.73	2646266.63	86.16
4/16/13	60656.9	3997380.49	65.9
4/17/13	37935.49	3089589.3	81.44
4/18/13	19310.57	1764430.05	91.37
4/19/13	32430.88	3598670.74	110.96
4/20/13	9682.23	1108189.54	114.46
4/21/13	19967.22	2198591.49	110.11
4/22/13	9070.59	1037368.48	114.37
4/23/13	14238.02	1709225.42	120.05
4/24/13	28045.66	3904704.13	139.23
4/25/13	21533.17	2975027.9	138.16
4/26/13	16519.71	2086925.52	126.33
4/27/13	8658.93	1081621.14	124.91
4/28/13	5094.63	642425.75	126.1
4/29/13	10699.29	1420930.4	132.81
4/30/13	9230.59	1224040.25	132.61
5/1/13	24199.84	2872226.02	118.69
5/2/13	31889.91	3417960.52	107.18
5/3/13	32940.64	3021666.25	91.73
5/4/13	22072.32	2365180.12	107.16
5/5/13	9441.68	1068244.9	113.14
5/6/13	16328.52	1868129.52	114.41
5/7/13	16948.85	1790144.21	105.62
5/8/13	7581.11	831562.31	109.69
5/9/13	3973.82	428095.45	107.73
5/10/13	8456.22	954601.63	112.89
5/11/13	2984.37	334662.98	112.14
5/12/13	3027.16	336190.51	111.06
5/13/13	4567.74	514577.1	112.65
5/14/13	7590.89	838216.76	110.42
5/15/13	12648.36	1318163.79	104.22
5/16/13	4327.28	464194.49	107.27
5/17/13	8260.41	912723.99	110.49
5/18/13	2934.52	333166.31	113.53
5/19/13	3179.11	359003.07	112.93
5/20/13	2508.42	284337.99	113.35
5/21/13	3903.69	447759.14	114.7
5/22/13	4090.8	475950.16	116.35
5/23/13	2957.42	353045.52	119.38
5/24/13	6862.39	864631.28	126
5/25/13	3117.1	397597.82	127.55
5/26/13	2877.42	371147.17	128.99
5/27/13	4792.25	610947.3	127.49
5/28/13	3332.65	415389.13	124.64
5/29/13	3023.42	382724.14	126.59
5/30/13	3664.62	468028.4	127.72
5/31/13	1989.67	251584.5	126.45
6/1/13	1550.91	196531.32	126.72
6/2/13	7675.76	934549.95	121.75
6/3/13	5127.31	603698.48	117.74
6/4/13	3589.82	431804.31	120.29
6/5/13	3080.43	368667.92	119.68
6/6/13	2116.92	252821.95	119.43
6/7/13	8495.07	960723.74	113.09
6/8/13	4875.68	533434.77	109.41
6/9/13	16848.14	1663514.1	98.74
6/10/13	7405.6	759915.01	102.61
6/11/13	3797.28	406293.67	107
6/12/13	4212	455969.65	108.25
6/13/13	5377.05	573297.45	106.62
6/14/13	5143.66	523519.39	101.78
6/15/13	2644.79	265024.6	100.21
6/16/13	1692.66	169779.83	100.3
6/17/13	2174.33	219158.76	100.79
6/18/13	7535.07	795013.63	105.51
6/19/13	4194.68	441639.46	105.29
6/20/13	4290	457652.12	106.68
6/21/13	6567.77	691123.61	105.23
6/22/13	5039.37	518596.58	102.91
6/23/13	4275.8	430283.8	100.63
6/24/13	6802.55	661492.19	97.24
6/25/13	5076.46	501296.99	98.75
6/26/13	1075.49	105280.07	97.89
6/27/13	2002.85	194382.08	97.05
6/28/13	6385.67	584553.99	91.54
6/29/13	3270.26	294639.01	90.1
6/30/13	2627.34	237858.12	90.53
7/1/13	12047.91	1028814.36	85.39
7/2/13	5837.88	487364.76	83.48
7/3/13	9675.75	775838.17	80.18
7/4/13	13297.53	1029790.67	77.44
7/5/13	16989.17	1186710.06	69.85
7/6/13	7480.04	498682.53	66.67
7/7/13	5227.66	357466.66	68.38
7/8/13	9204.39	677798.59	73.64
7/9/13	6347.11	451207.38	71.09
7/10/13	9074.57	690489.41	76.09
7/11/13	6929.11	562362.27	81.16
7/12/13	14153.93	1266493.42	89.48
7/13/13	5839.73	507656.39	86.93
7/14/13	2194.81	193975.53	88.38
7/15/13	4911.84	444023.51	90.4
7/16/13	3557.8	319776.5	89.88
7/17/13	3177.01	283582.94	89.26
7/18/13	6979.79	586473.69	84.02
7/19/13	2953.46	247455.97	83.79
7/20/13	1745.91	147137.3	84.28
7/21/13	1583.5	132719.1	83.81
7/22/13	1778.82	149956.84	84.3
7/23/13	3994	342048.86	85.64
7/24/13	2584.33	224216.86	86.76
7/25/13	3706.99	325160.04	87.72
7/26/13	3632.22	323454.85	89.05
7/27/13	2331.83	204027.16	87.5
7/28/13	3675.05	326999.3	88.98
7/29/13	4519.47	410503.91	90.83
7/30/13	4359.16	404694.65	92.84
7/31/13	7603.9	736091.76	96.8
8/1/13	3234.66	308625.96	95.41
8/2/13	4281.65	408906.45	95.5
8/3/13	1726.16	163870.38	94.93
8/4/13	1758.42	166165.75	94.5
8/5/13	2960.02	283826.54	95.89
8/6/13	2972.16	287637	96.78
8/7/13	2802.11	272648.11	97.3
8/8/13	6100.3	577384.04	94.65
8/9/13	1830.48	172845.85	94.43
8/10/13	2384.64	222289.51	93.22
8/11/13	2784.64	261038.33	93.74
8/12/13	2775.71	261454.4	94.19
8/13/13	2382.24	224848.13	94.39
8/14/13	5075.75	491626.26	96.86
8/15/13	2589.69	250429.93	96.7
8/16/13	1973.03	189730.43	96.16
8/17/13	1279.68	123757.2	96.71
8/18/13	1290.94	125162.6	96.95
8/19/13	4699.54	466123.66	99.18
8/20/13	2432.24	244158.14	100.38
8/21/13	5668.11	596204.12	105.19
8/22/13	3416.1	367683.56	107.63
8/23/13	3521.03	367851.19	104.47
8/24/13	1949.82	206222.19	105.76
8/25/13	3510.17	382163.2	108.87
8/26/13	2991.51	324299.08	108.41
8/27/13	6060.4	686628.73	113.3
8/28/13	3063.48	353240.32	115.31
8/29/13	1712.81	197724.56	115.44
8/30/13	5097.67	605380.59	118.76
8/31/13	5162.41	638544.25	123.69
9/1/13	2713.18	337366.77	124.34
9/2/13	3418.26	427500.86	125.06
9/3/13	2179.55	272297.75	124.93
9/4/13	8233.35	982582.75	119.34
9/5/13	4982.26	578467.97	116.11
9/6/13	4963.91	577051	116.25
9/7/13	3172.11	368095.11	116.04
9/8/13	2130.12	246518.15	115.73
9/9/13	5363.5	633818.04	118.17
9/10/13	2050.98	247390.89	120.62
9/11/13	7498.66	908973.55	121.22
9/12/13	3737.34	462996.74	123.88
9/13/13	3277.93	406674.52	124.06
9/14/13	3316.2	411486.87	124.08
9/15/13	3101.73	380509.31	122.68
9/16/13	4114.46	510543.04	124.09
9/17/13	3515.21	437131.23	124.35
9/18/13	3562.3	446175.77	125.25
9/19/13	5568.59	683295.65	122.71
9/20/13	4835.86	588386.71	121.67
9/21/13	1925.17	233671.54	121.38
9/22/13	1543.68	187026.81	121.16
9/23/13	2634.95	319297.38	121.18
9/24/13	3365.82	406625.53	120.81
9/25/13	3399.94	416430.35	122.48
9/26/13	2285.64	279416.78	122.25
9/27/13	2739.51	336632.66	122.88
9/28/13	1786.11	219900.56	123.12
9/29/13	2714.53	336146.62	123.83
9/30/13	3099.64	380663.77	122.81
10/1/13	3873.42	479801.17	123.87
10/2/13	23606.26	2395109.25	101.46
10/3/13	7580.11	831661.7	109.72
10/4/13	4458.66	528038.88	118.43
10/5/13	1947.47	232649.44	119.46
10/6/13	1207.7	143724.31	119.01
10/7/13	3599.1	436335.88	121.23
10/8/13	7238.25	881999.15	121.85
10/9/13	8081.48	994401.75	123.05
10/10/13	7860.09	974212.38	123.94
10/11/13	4398.02	545745.18	124.09
10/12/13	1739.18	216621.09	124.55
10/13/13	4467.22	563453.75	126.13
10/14/13	20931.46	2739719.9	130.89
10/15/13	9012.27	1209693.51	134.23
10/16/13	32220.27	4414598.47	137.01
10/17/13	22771.29	3153285.04	138.48
10/18/13	27456.64	3902175	142.12
10/19/13	18321.12	2806387.37	153.18
10/20/13	4224.93	664689.87	157.33
10/21/13	12876.23	2139337.34	166.15
10/22/13	17428.77	3133729.14	179.8
10/23/13	20870.45	3973488.88	190.39
10/24/13	44180.35	7993939.83	180.94
10/25/13	35003.95	5946945.63	169.89
10/26/13	31430.66	5459827.48	173.71
10/27/13	12486.96	2222478.5	177.98
10/28/13	8053.86	1510326.29	187.53
10/29/13	6132.4	1184623.04	193.17
10/30/13	11047.09	2155531.48	195.12
10/31/13	5517.72	1080312.53	195.79
11/1/13	3715.43	735178.81	197.87
11/2/13	3495.38	697432.14	199.53
11/3/13	9197.39	1864115.45	202.68
11/4/13	13066.95	2799458.97	214.24
11/5/13	24979.72	5784803.85	231.58
11/6/13	18758.33	4644088.24	247.57
11/7/13	35945.95	9860992.88	274.33
11/8/13	18564.38	5558032.74	299.39
11/9/13	26504.5	8784038.24	331.42
11/10/13	49930.52	14512870.04	290.66
11/11/13	17418.69	5452415.01	313.02
11/12/13	16516.41	5558667.78	336.55
11/13/13	21905.25	8173799.63	373.14
11/14/13	21398.42	8551456.47	399.63
11/15/13	22856.81	9304766.84	407.09
11/16/13	12564.21	5266017.89	419.13
11/17/13	21227.57	9726957.87	458.22
11/18/13	60127.43	32972837.22	548.38
11/19/13	85050.54	51420617.98	604.59
11/20/13	67479.81	32683220.14	484.34
11/21/13	32735.56	19877596.59	607.22
11/22/13	25577.56	17267381	675.1
11/23/13	26967.7	19946439.12	739.64
11/24/13	22245.95	15511939.64	697.29
11/25/13	18262.26	13212314.07	723.48
11/26/13	32905.37	26709072.64	811.69
11/27/13	24997.08	22412417.24	896.6
11/28/13	40277.82	37350809.97	927.33
11/29/13	28290.36	27957232.97	988.22
11/30/13	13060.66	13760361.32	1053.57
12/1/13	61362.62	53080988.78	865.04
12/2/13	26730.41	24416143.08	913.42
12/3/13	14626	14417943.93	985.78
12/4/13	12388.5	12881522.56	1039.8
12/5/13	62497.08	60574006.91	969.23
12/6/13	45174.49	40762358.71	902.33
12/7/13	119704.47	85162227.85	711.44
12/8/13	34854.03	25874533.12	742.37
12/9/13	40734.53	34467501.87	846.15
12/10/13	24673.1	22808065.19	924.41
12/11/13	27317.92	24119547.21	882.92
12/12/13	12825.63	10924412.88	851.76
12/13/13	17365.05	15116433.17	870.51
12/14/13	6108.21	5215130.78	853.79
12/15/13	12692.83	10596036.17	834.8
12/16/13	66586.78	48510547.04	728.53
12/17/13	50533	33929412.33	671.43
12/18/13	149309.48	78919302.02	528.56
12/19/13	66239.06	39952108.28	603.15
12/20/13	46363.79	30257840	652.62
12/21/13	25472.49	15260815.56	599.11
12/22/13	23308.98	14520831.75	622.97
12/23/13	16559.56	10466334.01	632.04
12/24/13	11121.2	7199454.94	647.36
12/25/13	9714.52	6398955.77	658.7
12/26/13	25517.2	18315986.48	717.79
12/27/13	27481.84	19753530.58	718.78
12/28/13	12077.6	8589486.09	711.19
12/29/13	7097.63	5063896.17	713.46
12/30/13	7568.97	5516171.8	728.79
12/31/13	6008.84	4356640.67	725.04
1/1/14	7124.26	5262970.2	738.74
1/2/14	14285.95	10943129.81	766.01
1/3/14	15337.68	12144723.37	791.82
1/4/14	11653.26	9409100.68	807.42
1/5/14	21021.18	18547886.09	882.34
1/6/14	29039.24	27179281.68	935.95
1/7/14	34774.42	29606366.54	851.38
1/8/14	32287.8	25810822.87	799.4
1/9/14	21176.1	17224737.27	813.4
1/10/14	12758.25	10494329.26	822.55
1/11/14	16232.32	14056533.98	865.96
1/12/14	17049.28	14483410.83	849.5
1/13/14	16349.04	13323203.13	814.92
1/14/14	8014.59	6613559.36	825.19
1/15/14	9798.53	8201180.01	836.98
1/16/14	7223.99	5988036.01	828.91
1/17/14	12851.66	10302375.3	801.64
1/18/14	7266.92	5900928.34	812.03
1/19/14	8159.38	6724435.48	824.14
1/20/14	10419.77	8636133.01	828.82
1/21/14	5452.49	4517677.64	828.55
1/22/14	7102.44	5856576.05	824.59
1/23/14	8039.86	6537316.71	813.11
1/24/14	14528.61	11340580.93	780.57
1/25/14	8990.86	7191832.56	799.91
1/26/14	10293.73	8403025.22	816.32
1/27/14	20075.69	15708919.28	782.48
1/28/14	15956.86	12312434.01	771.61
1/29/14	6350.39	4997051.94	786.89
1/30/14	12110.14	9531288.28	787.05
1/31/14	4327.12	3443078.11	795.7
2/1/14	6154.16	4960910.99	806.11
2/2/14	4612.22	3708814.59	804.13
2/3/14	5517.28	4403152.72	798.07
2/4/14	4186.23	3359898.91	802.61
2/5/14	5988.46	4753176.32	793.72
2/6/14	8828.63	6829154.09	773.52
2/7/14	30461.36	21857561.7	717.55
2/8/14	11192.62	7921765.84	707.77
2/9/14	12310.73	8639306.7	701.77
2/10/14	50022.76	30267922.06	605.08
2/11/14	27915.66	18615671.5	666.85
2/12/14	9757.07	6350897.03	650.9
2/13/14	18167.98	11150173.41	613.73
2/14/14	51933.79	31035118.35	597.59
2/15/14	8928.89	5676975.57	635.8
2/16/14	21554.2	12929820.32	599.87
2/17/14	14737.73	9167972.53	622.07
2/18/14	8001.04	4917555.88	614.61
2/19/14	5630.33	3430979.39	609.37
2/20/14	22839.85	13181983.74	577.15
2/21/14	23304.32	12728825.67	546.2
2/22/14	18445.8	10592904.21	574.27
2/23/14	15068.75	9193541.56	610.11
2/24/14	20403.77	11705966.55	573.72
2/25/14	73900.81	36766424.31	497.51
2/26/14	32998.35	18594602.2	563.5
2/27/14	13200.19	7415849.78	561.8
2/28/14	12240.1	6726320.67	549.53
3/1/14	9519.25	5250765.43	551.59
3/2/14	4504.34	2495185.59	553.95
3/3/14	41302.01	25456513.46	616.35
3/4/14	26901.52	18020817.47	669.88
3/5/14	9093.75	5888405.73	647.52
3/6/14	4969.19	3211979.16	646.38
3/7/14	9893.3	6180248.09	624.69
3/8/14	6640.39	4052349.89	610.26
3/9/14	5448.89	3407656.3	625.39
3/10/14	6797.18	4243171.38	624.25
3/11/14	4492.33	2804073.82	624.19
3/12/14	6893.05	4336947.15	629.18
3/13/14	6051.6	3809228.3	629.46
3/14/14	3214.97	2008342.93	624.69
3/15/14	2290.06	1435934.01	627.03
3/16/14	2345.43	1465084.45	624.66
3/17/14	3806.13	2347155.5	616.68
3/18/14	7112.91	4326012.04	608.19
3/19/14	5231.41	3214653.08	614.49
3/20/14	6591.69	3916824.71	594.21
3/21/14	9221.44	5346643.74	579.81
3/22/14	4075.36	2302903.61	565.08
3/23/14	2316.37	1318476.6	569.2
3/24/14	5988.03	3412146.24	569.83
3/25/14	4500.15	2600923.51	577.96
3/26/14	3290.48	1910091.24	580.49
3/27/14	17531.73	9315652.4	531.36
3/28/14	15071.66	7570073.38	502.27
3/29/14	3462.67	1726309.06	498.55
3/30/14	18261.1	8585752.21	470.17
3/31/14	19844.74	9141753.35	460.66
4/1/14	15586.2	7511314.98	481.92
4/2/14	31526.53	14164162.76	449.28
4/3/14	21617.81	9321679.03	431.2
4/4/14	11806.78	5187030.84	439.33
4/5/14	10639.01	4817385.91	452.8
4/6/14	7638.45	3515048.11	460.18
4/7/14	14496.15	6551958.68	451.98
4/8/14	6278.33	2802912.39	446.44
4/9/14	9721.74	4295290.75	441.82
4/10/14	39861.49	15659502.48	392.85
4/11/14	43344.36	17196410.09	396.74
4/12/14	17612.86	7475814.45	424.45
4/13/14	26340.63	10788344.84	409.57
4/14/14	28720.5	12703684.84	442.32
4/15/14	30392.57	15011902.33	493.93
4/16/14	26772.93	13845152.61	517.13
4/17/14	16531.71	8196217.44	495.79
4/18/14	9703.9	4569367.22	470.88
4/19/14	10715.65	5199593.38	485.23
4/20/14	5578.1	2738869.95	491
4/21/14	5772.1	2827758.39	489.9
4/22/14	6156.66	2952183.52	479.51
4/23/14	3356.86	1601220.91	477
4/24/14	5329.78	2567363.1	481.7
4/25/14	18074.21	8226290.22	455.14
4/26/14	4438.34	1979860.32	446.08
4/27/14	4704.69	2060278.85	437.92
4/28/14	7343.38	3124589.68	425.5
4/29/14	5256.32	2287060.83	435.11
4/30/14	7163.15	3123084.04	435.99
5/1/14	6273.62	2798953.47	446.15
5/2/14	5100.1	2222993.37	435.87
5/3/14	3959.72	1695910.56	428.29
5/4/14	2029.82	869723.07	428.47
5/5/14	2667.84	1136431.11	425.97
5/6/14	6068.09	2556117.64	421.24
5/7/14	8712.61	3723174.21	427.33
5/8/14	4232.92	1828991.07	432.09
5/9/14	4237.88	1851848.86	436.98
5/10/14	2767.19	1223551.8	442.16
5/11/14	3672.1	1596897.29	434.87
5/12/14	2734.71	1186249.15	433.78
5/13/14	3116.04	1352720.82	434.12
5/14/14	4072.97	1774729.65	435.73
5/15/14	3287.51	1444009.46	439.24
5/16/14	3207.48	1408615.68	439.17
5/17/14	1217.83	535364.51	439.6
5/18/14	1175.96	517398.75	439.98
5/19/14	3127.57	1374032.52	439.33
5/20/14	17559.76	8057497.34	458.86
5/21/14	5128.33	2474185.06	482.45
5/22/14	11479.17	5758872.84	501.68
5/23/14	12412.8	6480535.65	522.08
5/24/14	4005.78	2051347.31	512.1
5/25/14	14977.02	8285371.65	553.21
5/26/14	10520.93	6057846.33	575.79
5/27/14	12717.92	7153794.31	562.5
5/28/14	5851.45	3276568.8	559.96
5/29/14	4772.94	2640102.13	553.14
5/30/14	12306.57	7258574.17	589.81
5/31/14	4244.53	2577271.25	607.2
6/1/14	17868.61	11396998.1	637.82
6/2/14	13700.74	8626975.48	629.67
6/3/14	8361.38	5456071.71	652.53
6/4/14	12705.48	7956000.31	626.19
6/5/14	6192.76	3993309.61	644.83
6/6/14	3430.17	2203696.32	642.45
6/7/14	2707.86	1729006.36	638.51
6/8/14	2068.91	1336181.58	645.84
6/9/14	3901.75	2483993.28	636.64
6/10/14	3430.57	2206574.48	643.21
6/11/14	5785.07	3668461.67	634.13
6/12/14	14609.9	8682464.03	594.29
6/13/14	9094.67	5416191.92	595.53
6/14/14	9781.08	5540693.61	566.47
6/15/14	6207.42	3535173.83	569.51
6/16/14	8447.53	5006813.37	592.7
6/17/14	4022.86	2391618.86	594.51
6/18/14	5296.33	3183141.09	601.01
6/19/14	114.01	68178.05	598.02
6/20/14	3900.88	2284198.39	585.56
6/21/14	3122.55	1828838.31	585.69
6/22/14	3168.35	1877263.46	592.5
6/23/14	3449.46	2017057.7	584.75
6/24/14	3482.75	2014614.84	578.45
6/25/14	5472.16	3084448.71	563.66
6/26/14	4172.34	2362932.36	566.33
6/27/14	6112	3573444.67	584.66
6/28/14	4369.58	2596627.48	594.25
6/29/14	3271.61	1934405.5	591.27
6/30/14	13161.92	8201605.32	623.13
7/1/14	10248.72	6592236.96	643.23
7/2/14	5666.17	3612484.82	637.55
7/3/14	3681.86	2340111.54	635.58
7/4/14	3779.1	2378820.91	629.47
7/5/14	1986.94	1242296.36	625.23
7/6/14	2037.39	1284326.19	630.38
7/7/14	4109.14	2551718.23	620.99
7/8/14	2379.35	1463562.75	615.11
7/9/14	1977.8	1217683.72	615.68
7/10/14	3057.83	1867454.85	610.71
7/11/14	2986.03	1841665	616.76
7/12/14	2103.09	1311960.23	623.82
7/13/14	1770.28	1102430.07	622.74
7/14/14	2647.46	1631064.54	616.09
7/15/14	2107.25	1299415.55	616.64
7/16/14	3045.56	1866074.93	612.72
7/17/14	4514.97	2774353.59	614.48
7/18/14	2710.55	1670242.43	616.2
7/19/14	878.15	543477.39	618.89
7/20/14	1136.64	699074.17	615.04
7/21/14	1988.04	1221037.42	614.19
7/22/14	1671.67	1026541.29	614.08
7/23/14	2073.82	1270905.74	612.83
7/24/14	7587.95	4505996.31	593.84
7/25/14	3054.8	1817161.37	594.85
7/26/14	2211.1	1301957.65	588.83
7/27/14	1458.01	856710.98	587.59
7/28/14	5865.52	3359814.95	572.81
7/29/14	2411.32	1390606.55	576.7
7/30/14	4235.69	2400562.69	566.75
7/31/14	4976.8	2851695.07	573
8/1/14	4266.3	2507502.81	587.75
8/2/14	2376.2	1384964.7	582.85
8/3/14	1972.87	1142181.93	578.94
8/4/14	2652.48	1543798.46	582.02
8/5/14	2249.07	1301240.75	578.57
8/6/14	2391.4	1383256.02	578.43
8/7/14	3237.71	1889866.06	583.7
8/8/14	2748.99	1621250.39	589.76
8/9/14	1902.98	1110681.24	583.65
8/10/14	1123.1	656992.66	584.98
8/11/14	Infinity	Infinity	Infinity
8/12/14	Infinity	Infinity	Infinity
8/13/14	7518.26	4036723.63	536.92
8/14/14	11178.98	5704781.89	510.31
8/15/14	7074.95	3528499.26	498.73
8/16/14	5402.07	2692862.62	498.49
8/17/14	5183.51	2549410.25	491.83
8/18/14	5362.64	2385569.56	444.85
8/19/14	4983.42	2357417.4	473.05
8/20/14	9330.34	4564223.23	489.18
8/21/14	7454.59	3841795.44	515.36
8/22/14	4720.2	2391707.91	506.7
8/23/14	3387.08	1682524.02	496.75
8/24/14	2779.78	1396351.19	502.32
8/25/14	2366.32	1183326.45	500.07
8/26/14	2999.63	1520960.45	507.05
8/27/14	3320.99	1697840.88	511.25
8/28/14	2154.59	1088041.26	504.99
8/29/14	1928.59	968798.45	502.33
8/30/14	1164.7	581501.72	499.27
8/31/14	43927.56	21380719.53	486.73
9/1/14	2837.6	1355983.51	477.86
9/2/14	3217.42	1526391.66	474.41
9/3/14	2111.26	997985.85	472.7
9/4/14	5011.69	2406550.14	480.19
9/5/14	2755.95	1329028.23	482.24
9/6/14	1382.96	663420.19	479.71
9/7/14	1805.02	868457.65	481.14
9/8/14	5469.52	2572283.71	470.29
9/9/14	4171.45	1942954.76	465.77
9/10/14	3800.68	1806518.28	475.31
9/11/14	2856.03	1346500.84	471.46
9/12/14	2621.98	1226434.74	467.75
9/13/14	2766.14	1303009.66	471.06
9/14/14	1530.7	719104.84	469.79
9/15/14	3030.57	1418556.17	468.08
9/16/14	3437.06	1581999.45	460.28
9/17/14	6201.22	2762869.95	445.54
9/18/14	12936.88	5406335.68	417.9
9/19/14	11267.32	4382221.01	388.93
9/20/14	10701.52	4297073.37	401.54
9/21/14	5690.71	2194639.16	385.65
9/22/14	4334.71	1683222.34	388.31
9/23/14	15233.87	6360776.94	417.54
9/24/14	6310.54	2630492.02	416.84
9/25/14	4656.25	1872356.88	402.12
9/26/14	5357.54	2128090.4	397.21
9/27/14	2500.87	982680.11	392.94
9/28/14	5001.83	1886515.74	377.16
9/29/14	7219.25	2687500.29	372.27
9/30/14	6034.58	2279415.09	377.73
10/1/14	4228.53	1598404.93	378.01
10/2/14	4379.36	1620687.96	370.07
10/3/14	9646.08	3417990.21	354.34
10/4/14	13392.13	4401008.99	328.63
10/5/14	23274.72	7110163.54	305.49
10/6/14	20657.61	6725886.1	325.59
10/7/14	9975.56	3248115.49	325.61
10/8/14	13383.99	4539279.07	339.16
10/9/14	19168.27	6945403.83	362.34
10/10/14	8254.59	2951648.5	357.58
10/11/14	4326.8	1532029.85	354.08
10/12/14	7204.62	2626786.66	364.6
10/13/14	11674.31	4393327.84	376.32
10/14/14	13513.73	5364285.4	396.95
10/15/14	7265.01	2816534.72	387.68
10/16/14	8480.37	3194219.27	376.66
10/17/14	4834.34	1813099.59	375.05
10/18/14	4779.05	1828945.86	382.7
10/19/14	2857.37	1095361.34	383.35
10/20/14	4391.15	1658543.63	377.7
10/21/14	5637.03	2142502.82	380.08
10/22/14	4450.82	1680936.34	377.67
10/23/14	7572.13	2740441.43	361.91
10/24/14	4914.06	1746457.12	355.4
10/25/14	6815.61	2356560.09	345.76
10/26/14	3281.77	1155259.13	352.02
10/27/14	5367.8	1875029.88	349.31
10/28/14	3845.33	1351469.3	351.46
10/29/14	6280.71	2136643.15	340.19
10/30/14	8529.4	2893840.24	339.28
10/31/14	4025.66	1361614.99	338.23
11/1/14	5302.97	1726447.92	325.56
11/2/14	3664.99	1187126.14	323.91
11/3/14	5719.39	1865782.67	326.22
11/4/14	5941.91	1923353.85	323.69
11/5/14	7105.54	2367775.47	333.23
11/6/14	7066.42	2406711.36	340.58
11/7/14	5796.1	1988108.01	343.01
11/8/14	3114.59	1061481.97	340.81
11/9/14	6999.82	2469267.27	352.76
11/10/14	8334.17	3059661.79	367.12
11/11/14	6240.41	2272973.16	364.23
11/12/14	25761.72	10263778.06	398.41
11/13/14	29140.35	12260742.88	420.75
11/14/14	12897.95	5072085.99	393.25
11/15/14	8566.39	3245771.1	378.9
11/16/14	5956.62	2269943.13	381.08
11/17/14	11934.63	4668813.72	391.2
11/18/14	7813.43	2933378.56	375.43
11/19/14	5591.09	2107585.46	376.95
11/20/14	9040.63	3268628.83	361.55
11/21/14	8676.83	3019708.56	348.02
11/22/14	5332.45	1894694.59	355.31
11/23/14	5922.77	2126911.13	359.11
11/24/14	2999.81	1104519.67	368.2
11/25/14	Infinity	Infinity	Infinity
11/26/14	2462.98	902504.3	366.43
11/27/14	3586.6	1313700.79	366.28
11/28/14	7333.22	2689981.24	366.82
11/29/14	6023.9	2271419.34	377.07
11/30/14	2555.44	955517.68	373.92
12/1/14	4486.33	1692546.48	377.27
12/2/14	5134.14	1938068.17	377.49
12/3/14	4922.17	1833870.28	372.57
12/4/14	5030.3	1846936.78	367.16
12/5/14	3976.53	1456939.91	366.38
12/6/14	2827.81	1042020.56	368.49
12/7/14	1932.56	713469.18	369.18
12/8/14	4630.18	1672951.73	361.31
12/9/14	8413.3	2911454.16	346.05
12/10/14	4375.77	1505156.9	343.98
12/11/14	7896.98	2738354.04	346.76
12/12/14	3402.27	1174928.33	345.34
12/13/14	2310.61	792466.74	342.97
12/14/14	4851.83	1655699.41	341.25
12/15/14	4494.21	1524052.78	339.11
12/16/14	7804.99	2551913.57	326.96
12/17/14	8174.12	2603515.46	318.51
12/18/14	10207.3	3179413.26	311.48
12/19/14	5644.14	1760263.65	311.87
12/20/14	6964.19	2244974.12	322.36
12/21/14	5852.13	1867280.77	319.08
12/22/14	6759.68	2201656.16	325.7
12/23/14	5143.49	1696206.66	329.78
12/24/14	4805.97	1563031.31	325.23
12/25/14	2543.62	808176.27	317.73
12/26/14	4032.19	1299655.27	322.32
12/27/14	4267.45	1346795.7	315.6
12/28/14	3004.55	938077.27	312.22
12/29/14	3708.3	1160178.67	312.86
12/30/14	3442.83	1068406.74	310.33
12/31/14	2527.85	781599.79	309.2
1/1/15	1064.66	332887.09	312.67
1/2/15	1938.04	606122.04	312.75
1/3/15	13616.18	4026350.23	295.7
1/4/15	20223.17	5527180.5	273.31
1/5/15	11197.08	3036858.87	271.22
1/6/15	7988.79	2215268.27	277.3
1/7/15	10702.21	3112396.38	290.82
1/8/15	7594.04	2176156.46	286.56
1/9/15	8610.37	2445277.42	283.99
1/10/15	6429.55	1766994.31	274.82
1/11/15	7641.68	2045054.71	267.62
1/12/15	10178.52	2697984.14	265.07
1/13/15	34822.24	8196780.77	235.39
1/14/15	56994.35	10837212.35	190.15
1/15/15	48027.55	9723900.72	202.47
1/16/15	21647.38	4508488.39	208.27
1/17/15	10970.47	2192387.85	199.84
1/18/15	19490.59	4038391.48	207.2
1/19/15	10687.54	2238825.53	209.48
1/20/15	10449.6	2178674.06	208.49
1/21/15	17230.47	3715607.33	215.64
1/22/15	15909.58	3636325.79	228.56
1/23/15	10614.8	2400624.7	226.16
1/24/15	14537.09	3446903.47	237.11
1/25/15	12992.68	3194199.5	245.85
1/26/15	45799.69	12559037.06	274.22
1/27/15	17572.62	4423768.17	251.74
1/28/15	22221.94	5179975.37	233.1
1/29/15	15533.12	3475420.23	223.74
1/30/15	11890.07	2685546.24	225.86
1/31/15	9438.08	2093110.78	221.77
2/1/15	11594.27	2506822.64	216.21
2/2/15	13237.29	2977796.89	224.96
2/3/15	17684.61	4095141.16	231.57
2/4/15	9036.32	2009870.67	222.42
2/5/15	8987.91	1969907.74	219.17
2/6/15	9051.62	1973117.01	217.98
2/7/15	9225.73	2054227.54	222.66
2/8/15	6060.79	1349134.69	222.6
2/9/15	10167.98	2220619.09	218.39
2/10/15	9493.79	2060636.7	217.05
2/11/15	8621.87	1880541.6	218.11
2/12/15	5774.97	1251897.08	216.78
2/13/15	20103.72	4612761.55	229.45
2/14/15	19624.99	4833062.5	246.27
2/15/15	24635.35	5972223.81	242.42
2/16/15	12023.23	2792675.34	232.27
2/17/15	9384.6	2224671.71	237.06
2/18/15	8983.21	2105087.66	234.34
2/19/15	8005.71	1879984.16	234.83
2/20/15	12402.62	2942562.32	237.25
2/21/15	4971.9	1181080.33	237.55
2/22/15	6829.29	1591477.43	233.04
2/23/15	6293.85	1446025.94	229.75
2/24/15	7723.52	1786173.24	231.26
2/25/15	5644.84	1304581.48	231.11
2/26/15	5943.25	1368950.16	230.34
2/27/15	18577.18	4555480.97	245.22
2/28/15	4990.93	1232453.48	246.94
3/1/15	8500.08	2097567.93	246.77
3/2/15	13306.79	3443757.91	258.8
3/3/15	16849.11	4550039.04	270.05
3/4/15	13276.56	3631415.77	273.52
3/5/15	10609.49	2838081.05	267.5
3/6/15	7059.57	1904224.22	269.74
3/7/15	4351.09	1181199.29	271.47
3/8/15	4319.67	1176649.8	272.39
3/9/15	14532.03	4102005.82	282.27
3/10/15	14643.42	4260013.82	290.92
3/11/15	10803.01	3143341.65	290.97
3/12/15	6313.24	1842514.23	291.85
3/13/15	8892.39	2559233.17	287.8
3/14/15	10530.38	2927688.95	278.02
3/15/15	4732.51	1319194.3	278.75
3/16/15	8417.05	2422114.37	287.76
3/17/15	6151.8	1753485.36	285.04
3/18/15	20321.53	5339778.88	262.76
3/19/15	11566.1	2927830.69	253.14
3/20/15	6811.49	1748771.75	256.74
3/21/15	6732.72	1730600.94	257.04
3/22/15	6955.19	1829658.45	263.06
3/23/15	6952.81	1840609.97	264.73
3/24/15	13060.95	3296130.11	252.37
3/25/15	12677.78	3086426.53	243.45
3/26/15	10644.06	2643870.65	248.39
3/27/15	6051.1	1487193.28	245.77
3/28/15	7033.05	1757840.46	249.94
3/29/15	8415.12	2033323.22	241.63
3/30/15	10398.2	2519175.28	242.27
3/31/15	10017.11	2430230.67	242.61
4/1/15	7714.43	1856745.3	240.68
4/2/15	10421.5	2565369.94	246.16
4/3/15	7542.29	1885974.3	250.05
4/4/15	4275.14	1065020.25	249.12
4/5/15	5500.57	1387234.1	252.2
4/6/15	8483.11	2146480.77	253.03
4/7/15	9550.7	2363813	247.5
4/8/15	7462.55	1825765.33	244.66
4/9/15	8579.01	2064465.01	240.64
4/10/15	8354.63	1957353.96	234.28
4/11/15	5237.79	1215055.29	231.98
4/12/15	5133.35	1191523.5	232.11
4/13/15	10031.77	2277541.23	227.03
4/14/15	11570.52	2516991.73	217.53
4/15/15	9126.61	2005836.37	219.78
4/16/15	8759.32	1970781.69	224.99
4/17/15	6660.97	1481727.55	222.45
4/18/15	4849.7	1071352.78	220.91
4/19/15	4453.95	991891.82	222.7
4/20/15	6055.29	1344245.42	222
4/21/15	10945.73	2460855.7	224.82
4/22/15	10665.39	2488886.46	233.36
4/23/15	5834.09	1354745.98	232.21
4/24/15	6847.7	1570776.99	229.39
4/25/15	5665.73	1283049.26	226.46
4/26/15	9518.13	2061513.54	216.59
4/27/15	35714.6	8175718.21	228.92
4/28/15	10960.43	2498617.07	227.97
4/29/15	7129.77	1620465.75	227.28
4/30/15	13535.36	3182314.38	235.11
5/1/15	6928.96	1639178.11	236.57
5/2/15	4418.72	1037051.92	234.7
5/3/15	6642.91	1598713.09	240.66
5/4/15	6425.86	1541620.05	239.91
5/5/15	5898.9	1392927.83	236.13
5/6/15	8215.91	1927716.16	234.63
5/7/15	9242.64	2165973.13	234.35
5/8/15	9264.04	2233974.93	241.14
5/9/15	6259.56	1516404.79	242.25
5/10/15	5369.6	1296301.47	241.41
5/11/15	6052.23	1461533.79	241.49
5/12/15	7151.56	1725240.13	241.24
5/13/15	9195.69	2217845.06	241.18
5/14/15	7430.81	1758239.01	236.61
5/15/15	5392.53	1280458.19	237.45
5/16/15	5059.76	1198983.07	236.96
5/17/15	3773.49	893595.23	236.81
5/18/15	5912.32	1391930.81	235.43
5/19/15	6799.5	1586116.49	233.27
5/20/15	5621.35	1314253.33	233.8
5/21/15	5924.72	1395326.66	235.51
5/22/15	9058.65	2153916.06	237.77
5/23/15	5406.52	1302687.74	240.95
5/24/15	3664.63	884333.05	241.32
5/25/15	5077.63	1215559.22	239.4
5/26/15	6514.84	1553333.9	238.43
5/27/15	7521.91	1797543.92	238.97
5/28/15	4497.61	1073765.63	238.74
5/29/15	5814.11	1384129.52	238.06
5/30/15	3503.62	825072.8	235.49
5/31/15	5392.43	1255723.25	232.87
6/1/15	9066.67	2069857.77	228.29
6/2/15	10102.75	2289101.98	226.58
6/3/15	8207.82	1869580.25	227.78
6/4/15	6759.88	1534835.6	227.05
6/5/15	7140.63	1613986.37	226.03
6/6/15	4217.63	958006.2	227.14
6/7/15	3700.54	838416.86	226.57
6/8/15	8234.21	1874260.02	227.62
6/9/15	7237.44	1667607.86	230.41
6/10/15	6025.51	1388072.4	230.37
6/11/15	5894.67	1360352.81	230.78
6/12/15	5738.41	1331253.4	231.99
6/13/15	4218.79	978225.68	231.87
6/14/15	5855.65	1373494.09	234.56
6/15/15	8289.33	1963942.92	236.92
6/16/15	14770.35	3608605.59	244.31
6/17/15	15394.99	3862917.29	250.92
6/18/15	7608.55	1888818.67	248.25
6/19/15	7225.01	1776618.65	245.9
6/20/15	6671.91	1627779.64	243.97
6/21/15	4350.06	1062794.39	244.32
6/22/15	6416	1577634.4	245.89
6/23/15	4506.95	1105005.96	245.18
6/24/15	887.42	216498.79	243.96
6/25/15	Infinity	Infinity	Infinity
6/26/15	Infinity	Infinity	Infinity
6/27/15	Infinity	Infinity	Infinity
6/28/15	Infinity	Infinity	Infinity
6/29/15	Infinity	Infinity	Infinity
6/30/15	Infinity	Infinity	Infinity
7/1/15	Infinity	Infinity	Infinity
7/2/15	4192.28	1070677.46	255.39
7/3/15	5743.91	1457745.01	253.79
7/4/15	5407.06	1379849.13	255.19
7/5/15	9850.29	2598426.79	263.79
7/6/15	14135.05	3792479.25	268.3
7/7/15	9153.89	2404124.7	262.63
7/8/15	11588.3	3082818.48	266.03
7/9/15	14625.12	3919911.89	268.03
7/10/15	37708.67	10639306.28	282.14
7/11/15	2876.07	818537.51	284.6
7/12/15	Infinity	Infinity	Infinity
7/13/15	2870.25	813988.29	283.59
7/14/15	7087.31	2026677.65	285.96
7/15/15	6224.49	1771821.57	284.65
7/16/15	10791.04	2999632.06	277.97
7/17/15	7271.71	1990750.14	273.77
7/18/15	11877.4	3127342.74	263.3
7/19/15	3590.74	960652.66	267.54
7/20/15	5532.95	1498577.55	270.85
7/21/15	6393.04	1756330.55	274.73
7/22/15	4867.18	1324755.2	272.18
7/23/15	4216.46	1150469.75	272.85
7/24/15	10601.77	2970184.69	280.16
7/25/15	4656.28	1323859.68	284.32
7/26/15	3169.15	906643.78	286.08
7/27/15	6341.92	1803651.86	284.4
7/28/15	5280.56	1515823.87	287.06
7/29/15	4107.31	1172225.78	285.4
7/30/15	4345.81	1231496.76	283.38
7/31/15	5620.37	1572480.72	279.78
8/1/15	3501.22	971878.01	277.58
8/2/15	3394.95	942827.4	277.71
8/3/15	5335.27	1492905.68	279.82
8/4/15	4964.27	1390071.64	280.02
8/5/15	4691.69	1306242.55	278.42
8/6/15	4797.37	1324558.96	276.1
8/7/15	6556.78	1793168.89	273.48
8/8/15	10737.32	2846179.98	265.07
8/9/15	4020.52	1043671.17	259.59
8/10/15	4378.57	1138612.54	260.04
8/11/15	5348.86	1396006.58	260.99
8/12/15	5415.2	1424316.35	263.02
8/13/15	4413.03	1148115.92	260.17
8/14/15	4032.96	1057840.03	262.3
8/15/15	3314.61	864299.75	260.75
8/16/15	4116.63	1051187.48	255.35
8/17/15	4076.46	1042576.5	255.76
8/18/15	8612.38	2092779.86	243
8/19/15	15219.06	3428173.97	225.26
8/20/15	6796.38	1558606.26	229.33
8/21/15	6088.28	1397283.81	229.5
8/22/15	5011.43	1127901.14	225.07
8/23/15	5332.75	1190125.53	223.17
8/24/15	12589.9	2685223.33	213.28
8/25/15	15157.65	3198580.36	211.02
8/26/15	10744.19	2398499.53	223.24
8/27/15	7320.65	1631500.96	222.86
8/28/15	10645.12	2397219.49	225.19
8/29/15	4560.92	1032710.07	226.43
8/30/15	3603	812608.39	225.54
8/31/15	6988.69	1579946.2	226.07
9/1/15	5995.47	1348970.42	225
9/2/15	4565.01	1026847.76	224.94
9/3/15	5455.02	1222109.89	224.03
9/4/15	6255.84	1409779.46	225.35
9/5/15	6545.79	1493675.34	228.19
9/6/15	5774.36	1355573.27	234.76
9/7/15	8404.81	2002650.76	238.27
9/8/15	8129.67	1972298.26	242.61
9/9/15	6839.99	1622516.04	237.21
9/10/15	7908.21	1862119.55	235.47
9/11/15	5469.88	1299265.65	237.53
9/12/15	4939.15	1162557.24	235.38
9/13/15	3647.9	837432.48	229.57
9/14/15	8692.46	1984295.59	228.28
9/15/15	6520.27	1485654.89	227.85
9/16/15	6722.62	1525296.04	226.89
9/17/15	7138.38	1639731.67	229.71
9/18/15	7150.13	1650429.15	230.82
9/19/15	4345.79	995624.51	229.1
9/20/15	2748.33	632109.04	230
9/21/15	6543.8	1484345.3	226.83
9/22/15	8836.73	2015254	228.05
9/23/15	5627.7	1284042.58	228.16
9/24/15	6512.04	1508879.07	231.71
9/25/15	7634.59	1779929.99	233.14
9/26/15	4501.51	1044434.34	232.02
9/27/15	4366.1	1013560.56	232.14
9/28/15	8578.07	2016507.79	235.08
9/29/15	5556.85	1311799.41	236.07
9/30/15	6261.04	1476120.66	235.76
10/1/15	7059.63	1655513.82	234.5
10/2/15	5739.86	1352127.94	235.57
10/3/15	3867.81	911804.29	235.74
10/4/15	2849.21	673573.1	236.41
10/5/15	7706.21	1828248.84	237.24
10/6/15	9515.53	2296343.19	241.33
10/7/15	7608.78	1850054.9	243.15
10/8/15	5488.39	1326313.45	241.66
10/9/15	5595.98	1349014.5	241.07
10/10/15	3727.82	903750.43	242.43
10/11/15	3494.29	849608.54	243.14
10/12/15	7622.68	1855630.27	243.44
10/13/15	8539.81	2090844.12	244.83
10/14/15	8201.12	2042279.14	249.02
10/15/15	6242.41	1580518.95	253.19
10/16/15	9021.36	2334724.72	258.8
10/17/15	10618.11	2830591.49	266.58
10/18/15	6511.3	1701370.52	261.29
10/19/15	7144.25	1859017.09	260.21
10/20/15	7774.46	2061948.11	265.22
10/21/15	5999.16	1584757.83	264.16
10/22/15	8572.77	2295757.59	267.8
10/23/15	6346.61	1720156.38	271.04
10/24/15	5704.74	1559397.37	273.35
10/25/15	9992.22	2819770.66	282.2
10/26/15	5930.72	1652379.79	278.61
10/27/15	11459.5	3290351.05	287.13
10/28/15	10244.03	3034840.33	296.25
10/29/15	14990.77	4539980.61	302.85
10/30/15	17619.9	5527515.3	313.71
10/31/15	8021.66	2477523.46	308.85
11/1/15	13362.77	4067840.22	304.42
11/2/15	24257.5	7781548.76	320.79
11/3/15	41038.62	14859046.17	362.07
11/4/15	54489.8	22900978.1	420.28
11/5/15	32319.46	12748520.75	394.45
11/6/15	26068.66	9466737.08	363.15
11/7/15	10110.87	3761699.75	372.04
11/8/15	6241.56	2305443.58	369.37
11/9/15	10942.68	4008693.63	366.34
11/10/15	17436.28	6184399.85	354.69
11/11/15	28316.89	8921200.92	315.05
11/12/15	18317.63	5966703.64	325.74
11/13/15	7683.57	2546117.99	331.37
11/14/15	4848.46	1599720.01	329.94
11/15/15	7200.84	2305898.69	320.23
11/16/15	8221.82	2633535.46	320.31
11/17/15	8127.64	2682314.58	330.02
11/18/15	5749.32	1899530.13	330.39
11/19/15	7482.92	2439668.39	326.03
11/20/15	7488.94	2377250.16	317.43
11/21/15	3666.28	1184381.12	323.05
11/22/15	4676.45	1496150.44	319.93
11/23/15	5523.28	1768539.74	320.2
11/24/15	6000.76	1909157.3	318.15
11/25/15	8927.41	2877497.85	322.32
11/26/15	28876.3	9907816.65	343.11
11/27/15	13521.11	4726264.84	349.55
11/28/15	5899.58	2065061.26	350.04
11/29/15	6898.45	2481153.85	359.67
11/30/15	14381.53	5348117.11	371.87
12/1/15	11539.04	4176359.39	361.93
12/2/15	11085.65	3919824.41	353.59
12/3/15	7965.58	2855950.29	358.54
12/4/15	7287.61	2599298.34	356.67
12/5/15	13942.99	5165555.51	370.48
12/6/15	10894.9	4209004.33	386.33
12/7/15	8533.81	3300063.24	386.7
12/8/15	11150.44	4397578.61	394.39
12/9/15	16271.39	6723323.87	413.2
12/10/15	9108.23	3751905.57	411.92
12/11/15	17402.12	7456141.26	428.46
12/12/15	16934.93	7191567.73	424.66
12/13/15	7178.39	3083495.54	429.55
12/14/15	8176.2	3582218.17	438.13
12/15/15	13410.41	6049365.26	451.09
12/16/15	11975.5	5375047.34	448.84
12/17/15	7186.17	3218869.69	447.93
12/18/15	7724.01	3500367.51	453.18
12/19/15	5675.43	2588388.6	456.07
12/20/15	8849.34	3934029.87	444.56
12/21/15	9419.56	4091870.63	434.4
12/22/15	5880.92	2571104.15	437.19
12/23/15	6538.15	2873000.02	439.42
12/24/15	8478.13	3820989.66	450.69
12/25/15	4726.08	2124037.9	449.43
12/26/15	15779.93	6661098.71	422.12
12/27/15	6101.53	2556193.06	418.94
12/28/15	6599.71	2791180.16	422.92
12/29/15	6502.84	2775275	426.78
12/30/15	6923.1	2966457.56	428.49
12/31/15	5367.84	2280512.13	424.85
1/1/16	3908.58	1678978.11	429.56
1/2/16	2873.98	1237488.18	430.58
1/3/16	3960.34	1690319.44	426.81
1/4/16	5758.85	2476240.65	429.99
1/5/16	4848.4	2092854.15	431.66
1/6/16	4212.18	1808854.81	429.43
1/7/16	9905.26	4395719.57	443.78
1/8/16	6004.66	2703440.16	450.22
1/9/16	4575.68	2039121.26	445.64
1/10/16	4385.32	1937043.42	441.71
1/11/16	6268.21	2792006.13	445.42
1/12/16	5085.41	2260952.84	444.6
1/13/16	8286.35	3565670.52	430.31
1/14/16	4451.5	1918989.94	431.09
1/15/16	22178.01	8781605.67	395.96
1/16/16	23093.04	8507418.71	368.4
1/17/16	6540.09	2514975.89	384.55
1/18/16	7217.83	2766254.21	383.25
1/19/16	5925	2280420.64	384.88
1/20/16	15655.44	6312286.72	403.2
1/21/16	8470.3	3502879.89	413.55
1/22/16	10059.14	3950087.16	392.69
1/23/16	4597.59	1800899.75	391.71
1/24/16	8537.12	3405945.16	398.96
1/25/16	6281.05	2495491.65	397.3
1/26/16	4396.91	1739990.54	395.73
1/27/16	5592.32	2211155.53	395.39
1/28/16	5497.13	2118446.5	385.37
1/29/16	8612.2	3254701.36	377.92
1/30/16	3305.37	1260926.66	381.48
1/31/16	3011.29	1143336.32	379.68
2/1/16	6713.46	2535382.39	377.66
2/2/16	5155.6	1951613.21	378.54
2/3/16	9293.85	3470855.97	373.46
2/4/16	8376.53	3204393.21	382.54
2/5/16	4959.84	1934453.08	390.02
2/6/16	4734.39	1810080.1	382.33
2/7/16	4520.37	1719102.56	380.3
2/8/16	3963.31	1500908.88	378.7
2/9/16	5390.28	2037567.09	378.01
2/10/16	7804.31	2990215.34	383.15
2/11/16	3871.73	1484494.5	383.42
2/12/16	6421.81	2485479.29	387.04
2/13/16	5015.96	1964419.88	391.63
2/14/16	921.68	364312	395.27